{
 "cells": [
  {
   "cell_type": "code",
   "execution_count": 1,
   "metadata": {},
   "outputs": [],
   "source": [
    "import numpy as np \n",
    "import pandas as pd\n",
    "import seaborn as sns\n",
    "import matplotlib.pyplot as plt\n",
    "from sklearn.model_selection import ShuffleSplit\n",
    "from sklearn.model_selection import cross_val_score\n",
    "from sklearn.model_selection import GridSearchCV\n",
    "import xgboost"
   ]
  },
  {
   "cell_type": "code",
   "execution_count": 116,
   "metadata": {},
   "outputs": [],
   "source": [
    "df = pd.read_csv('data/train.csv')"
   ]
  },
  {
   "cell_type": "code",
   "execution_count": 117,
   "metadata": {},
   "outputs": [
    {
     "data": {
      "text/html": [
       "<div>\n",
       "<style scoped>\n",
       "    .dataframe tbody tr th:only-of-type {\n",
       "        vertical-align: middle;\n",
       "    }\n",
       "\n",
       "    .dataframe tbody tr th {\n",
       "        vertical-align: top;\n",
       "    }\n",
       "\n",
       "    .dataframe thead th {\n",
       "        text-align: right;\n",
       "    }\n",
       "</style>\n",
       "<table border=\"1\" class=\"dataframe\">\n",
       "  <thead>\n",
       "    <tr style=\"text-align: right;\">\n",
       "      <th></th>\n",
       "      <th>id</th>\n",
       "      <th>vendor_id</th>\n",
       "      <th>pickup_datetime</th>\n",
       "      <th>dropoff_datetime</th>\n",
       "      <th>passenger_count</th>\n",
       "      <th>pickup_longitude</th>\n",
       "      <th>pickup_latitude</th>\n",
       "      <th>dropoff_longitude</th>\n",
       "      <th>dropoff_latitude</th>\n",
       "      <th>store_and_fwd_flag</th>\n",
       "      <th>trip_duration</th>\n",
       "    </tr>\n",
       "  </thead>\n",
       "  <tbody>\n",
       "    <tr>\n",
       "      <th>0</th>\n",
       "      <td>id2875421</td>\n",
       "      <td>2</td>\n",
       "      <td>2016-03-14 17:24:55</td>\n",
       "      <td>2016-03-14 17:32:30</td>\n",
       "      <td>1</td>\n",
       "      <td>-73.982155</td>\n",
       "      <td>40.767937</td>\n",
       "      <td>-73.964630</td>\n",
       "      <td>40.765602</td>\n",
       "      <td>N</td>\n",
       "      <td>455</td>\n",
       "    </tr>\n",
       "    <tr>\n",
       "      <th>1</th>\n",
       "      <td>id2377394</td>\n",
       "      <td>1</td>\n",
       "      <td>2016-06-12 00:43:35</td>\n",
       "      <td>2016-06-12 00:54:38</td>\n",
       "      <td>1</td>\n",
       "      <td>-73.980415</td>\n",
       "      <td>40.738564</td>\n",
       "      <td>-73.999481</td>\n",
       "      <td>40.731152</td>\n",
       "      <td>N</td>\n",
       "      <td>663</td>\n",
       "    </tr>\n",
       "    <tr>\n",
       "      <th>2</th>\n",
       "      <td>id3858529</td>\n",
       "      <td>2</td>\n",
       "      <td>2016-01-19 11:35:24</td>\n",
       "      <td>2016-01-19 12:10:48</td>\n",
       "      <td>1</td>\n",
       "      <td>-73.979027</td>\n",
       "      <td>40.763939</td>\n",
       "      <td>-74.005333</td>\n",
       "      <td>40.710087</td>\n",
       "      <td>N</td>\n",
       "      <td>2124</td>\n",
       "    </tr>\n",
       "    <tr>\n",
       "      <th>3</th>\n",
       "      <td>id3504673</td>\n",
       "      <td>2</td>\n",
       "      <td>2016-04-06 19:32:31</td>\n",
       "      <td>2016-04-06 19:39:40</td>\n",
       "      <td>1</td>\n",
       "      <td>-74.010040</td>\n",
       "      <td>40.719971</td>\n",
       "      <td>-74.012268</td>\n",
       "      <td>40.706718</td>\n",
       "      <td>N</td>\n",
       "      <td>429</td>\n",
       "    </tr>\n",
       "    <tr>\n",
       "      <th>4</th>\n",
       "      <td>id2181028</td>\n",
       "      <td>2</td>\n",
       "      <td>2016-03-26 13:30:55</td>\n",
       "      <td>2016-03-26 13:38:10</td>\n",
       "      <td>1</td>\n",
       "      <td>-73.973053</td>\n",
       "      <td>40.793209</td>\n",
       "      <td>-73.972923</td>\n",
       "      <td>40.782520</td>\n",
       "      <td>N</td>\n",
       "      <td>435</td>\n",
       "    </tr>\n",
       "  </tbody>\n",
       "</table>\n",
       "</div>"
      ],
      "text/plain": [
       "          id  vendor_id      pickup_datetime     dropoff_datetime  passenger_count  pickup_longitude  pickup_latitude  dropoff_longitude  dropoff_latitude store_and_fwd_flag  trip_duration\n",
       "0  id2875421  2          2016-03-14 17:24:55  2016-03-14 17:32:30  1               -73.982155         40.767937       -73.964630          40.765602         N                  455          \n",
       "1  id2377394  1          2016-06-12 00:43:35  2016-06-12 00:54:38  1               -73.980415         40.738564       -73.999481          40.731152         N                  663          \n",
       "2  id3858529  2          2016-01-19 11:35:24  2016-01-19 12:10:48  1               -73.979027         40.763939       -74.005333          40.710087         N                  2124         \n",
       "3  id3504673  2          2016-04-06 19:32:31  2016-04-06 19:39:40  1               -74.010040         40.719971       -74.012268          40.706718         N                  429          \n",
       "4  id2181028  2          2016-03-26 13:30:55  2016-03-26 13:38:10  1               -73.973053         40.793209       -73.972923          40.782520         N                  435          "
      ]
     },
     "execution_count": 117,
     "metadata": {},
     "output_type": "execute_result"
    }
   ],
   "source": [
    "df.head()"
   ]
  },
  {
   "cell_type": "code",
   "execution_count": 118,
   "metadata": {},
   "outputs": [
    {
     "name": "stdout",
     "output_type": "stream",
     "text": [
      "75.11792755126953\n"
     ]
    }
   ],
   "source": [
    "df.passenger_count = df.passenger_count.astype(np.uint8)\n",
    "df.vendor_id = df.vendor_id.astype(np.uint8)\n",
    "df.trip_duration = df.trip_duration.astype(np.uint32)\n",
    "for c in [c for c in df.columns if c.endswith('tude')]:\n",
    "    df.loc[:,c] = df[c].astype(np.float32)\n",
    "print(df.memory_usage().sum()/2**20)\n",
    "df.pickup_datetime=pd.to_datetime(df.pickup_datetime)\n",
    "df.dropoff_datetime=pd.to_datetime(df.dropoff_datetime)\n",
    "df['pu_hour'] = df.pickup_datetime.dt.hour\n",
    "df['yday'] = df.pickup_datetime.dt.dayofyear\n",
    "df['wday'] = df.pickup_datetime.dt.dayofweek\n",
    "df['month'] = df.pickup_datetime.dt.month"
   ]
  },
  {
   "cell_type": "code",
   "execution_count": 119,
   "metadata": {},
   "outputs": [
    {
     "data": {
      "text/html": [
       "<div>\n",
       "<style scoped>\n",
       "    .dataframe tbody tr th:only-of-type {\n",
       "        vertical-align: middle;\n",
       "    }\n",
       "\n",
       "    .dataframe tbody tr th {\n",
       "        vertical-align: top;\n",
       "    }\n",
       "\n",
       "    .dataframe thead th {\n",
       "        text-align: right;\n",
       "    }\n",
       "</style>\n",
       "<table border=\"1\" class=\"dataframe\">\n",
       "  <thead>\n",
       "    <tr style=\"text-align: right;\">\n",
       "      <th></th>\n",
       "      <th>id</th>\n",
       "      <th>vendor_id</th>\n",
       "      <th>pickup_datetime</th>\n",
       "      <th>dropoff_datetime</th>\n",
       "      <th>passenger_count</th>\n",
       "      <th>pickup_longitude</th>\n",
       "      <th>pickup_latitude</th>\n",
       "      <th>dropoff_longitude</th>\n",
       "      <th>dropoff_latitude</th>\n",
       "      <th>store_and_fwd_flag</th>\n",
       "      <th>trip_duration</th>\n",
       "      <th>pu_hour</th>\n",
       "      <th>yday</th>\n",
       "      <th>wday</th>\n",
       "      <th>month</th>\n",
       "    </tr>\n",
       "  </thead>\n",
       "  <tbody>\n",
       "    <tr>\n",
       "      <th>0</th>\n",
       "      <td>id2875421</td>\n",
       "      <td>2</td>\n",
       "      <td>2016-03-14 17:24:55</td>\n",
       "      <td>2016-03-14 17:32:30</td>\n",
       "      <td>1</td>\n",
       "      <td>-73.982155</td>\n",
       "      <td>40.767937</td>\n",
       "      <td>-73.964630</td>\n",
       "      <td>40.765602</td>\n",
       "      <td>N</td>\n",
       "      <td>455</td>\n",
       "      <td>17</td>\n",
       "      <td>74</td>\n",
       "      <td>0</td>\n",
       "      <td>3</td>\n",
       "    </tr>\n",
       "    <tr>\n",
       "      <th>1</th>\n",
       "      <td>id2377394</td>\n",
       "      <td>1</td>\n",
       "      <td>2016-06-12 00:43:35</td>\n",
       "      <td>2016-06-12 00:54:38</td>\n",
       "      <td>1</td>\n",
       "      <td>-73.980415</td>\n",
       "      <td>40.738564</td>\n",
       "      <td>-73.999481</td>\n",
       "      <td>40.731152</td>\n",
       "      <td>N</td>\n",
       "      <td>663</td>\n",
       "      <td>0</td>\n",
       "      <td>164</td>\n",
       "      <td>6</td>\n",
       "      <td>6</td>\n",
       "    </tr>\n",
       "    <tr>\n",
       "      <th>2</th>\n",
       "      <td>id3858529</td>\n",
       "      <td>2</td>\n",
       "      <td>2016-01-19 11:35:24</td>\n",
       "      <td>2016-01-19 12:10:48</td>\n",
       "      <td>1</td>\n",
       "      <td>-73.979027</td>\n",
       "      <td>40.763939</td>\n",
       "      <td>-74.005333</td>\n",
       "      <td>40.710087</td>\n",
       "      <td>N</td>\n",
       "      <td>2124</td>\n",
       "      <td>11</td>\n",
       "      <td>19</td>\n",
       "      <td>1</td>\n",
       "      <td>1</td>\n",
       "    </tr>\n",
       "    <tr>\n",
       "      <th>3</th>\n",
       "      <td>id3504673</td>\n",
       "      <td>2</td>\n",
       "      <td>2016-04-06 19:32:31</td>\n",
       "      <td>2016-04-06 19:39:40</td>\n",
       "      <td>1</td>\n",
       "      <td>-74.010040</td>\n",
       "      <td>40.719971</td>\n",
       "      <td>-74.012268</td>\n",
       "      <td>40.706718</td>\n",
       "      <td>N</td>\n",
       "      <td>429</td>\n",
       "      <td>19</td>\n",
       "      <td>97</td>\n",
       "      <td>2</td>\n",
       "      <td>4</td>\n",
       "    </tr>\n",
       "    <tr>\n",
       "      <th>4</th>\n",
       "      <td>id2181028</td>\n",
       "      <td>2</td>\n",
       "      <td>2016-03-26 13:30:55</td>\n",
       "      <td>2016-03-26 13:38:10</td>\n",
       "      <td>1</td>\n",
       "      <td>-73.973053</td>\n",
       "      <td>40.793209</td>\n",
       "      <td>-73.972923</td>\n",
       "      <td>40.782520</td>\n",
       "      <td>N</td>\n",
       "      <td>435</td>\n",
       "      <td>13</td>\n",
       "      <td>86</td>\n",
       "      <td>5</td>\n",
       "      <td>3</td>\n",
       "    </tr>\n",
       "  </tbody>\n",
       "</table>\n",
       "</div>"
      ],
      "text/plain": [
       "          id  vendor_id     pickup_datetime    dropoff_datetime  passenger_count  pickup_longitude  pickup_latitude  dropoff_longitude  dropoff_latitude store_and_fwd_flag  trip_duration  pu_hour  yday  wday  month\n",
       "0  id2875421  2         2016-03-14 17:24:55 2016-03-14 17:32:30  1               -73.982155         40.767937       -73.964630          40.765602         N                  455            17       74    0     3    \n",
       "1  id2377394  1         2016-06-12 00:43:35 2016-06-12 00:54:38  1               -73.980415         40.738564       -73.999481          40.731152         N                  663            0        164   6     6    \n",
       "2  id3858529  2         2016-01-19 11:35:24 2016-01-19 12:10:48  1               -73.979027         40.763939       -74.005333          40.710087         N                  2124           11       19    1     1    \n",
       "3  id3504673  2         2016-04-06 19:32:31 2016-04-06 19:39:40  1               -74.010040         40.719971       -74.012268          40.706718         N                  429            19       97    2     4    \n",
       "4  id2181028  2         2016-03-26 13:30:55 2016-03-26 13:38:10  1               -73.973053         40.793209       -73.972923          40.782520         N                  435            13       86    5     3    "
      ]
     },
     "execution_count": 119,
     "metadata": {},
     "output_type": "execute_result"
    }
   ],
   "source": [
    "df.head()"
   ]
  },
  {
   "cell_type": "code",
   "execution_count": 120,
   "metadata": {},
   "outputs": [
    {
     "data": {
      "text/html": [
       "<div>\n",
       "<style scoped>\n",
       "    .dataframe tbody tr th:only-of-type {\n",
       "        vertical-align: middle;\n",
       "    }\n",
       "\n",
       "    .dataframe tbody tr th {\n",
       "        vertical-align: top;\n",
       "    }\n",
       "\n",
       "    .dataframe thead th {\n",
       "        text-align: right;\n",
       "    }\n",
       "</style>\n",
       "<table border=\"1\" class=\"dataframe\">\n",
       "  <thead>\n",
       "    <tr style=\"text-align: right;\">\n",
       "      <th></th>\n",
       "      <th>vendor_id</th>\n",
       "      <th>passenger_count</th>\n",
       "      <th>pickup_longitude</th>\n",
       "      <th>pickup_latitude</th>\n",
       "      <th>dropoff_longitude</th>\n",
       "      <th>dropoff_latitude</th>\n",
       "      <th>trip_duration</th>\n",
       "      <th>pu_hour</th>\n",
       "      <th>yday</th>\n",
       "      <th>wday</th>\n",
       "      <th>month</th>\n",
       "    </tr>\n",
       "  </thead>\n",
       "  <tbody>\n",
       "    <tr>\n",
       "      <th>vendor_id</th>\n",
       "      <td>1.000000</td>\n",
       "      <td>0.287415</td>\n",
       "      <td>0.007820</td>\n",
       "      <td>0.001742</td>\n",
       "      <td>0.001528</td>\n",
       "      <td>0.004496</td>\n",
       "      <td>0.020304</td>\n",
       "      <td>0.009299</td>\n",
       "      <td>-0.006025</td>\n",
       "      <td>0.001311</td>\n",
       "      <td>-0.006221</td>\n",
       "    </tr>\n",
       "    <tr>\n",
       "      <th>passenger_count</th>\n",
       "      <td>0.287415</td>\n",
       "      <td>1.000000</td>\n",
       "      <td>0.002169</td>\n",
       "      <td>-0.005125</td>\n",
       "      <td>-0.000343</td>\n",
       "      <td>-0.002762</td>\n",
       "      <td>0.008471</td>\n",
       "      <td>0.009101</td>\n",
       "      <td>-0.001784</td>\n",
       "      <td>0.025191</td>\n",
       "      <td>-0.002143</td>\n",
       "    </tr>\n",
       "    <tr>\n",
       "      <th>pickup_longitude</th>\n",
       "      <td>0.007820</td>\n",
       "      <td>0.002169</td>\n",
       "      <td>1.000000</td>\n",
       "      <td>0.022568</td>\n",
       "      <td>0.783582</td>\n",
       "      <td>0.100190</td>\n",
       "      <td>0.026542</td>\n",
       "      <td>0.010150</td>\n",
       "      <td>0.004263</td>\n",
       "      <td>-0.016356</td>\n",
       "      <td>0.004474</td>\n",
       "    </tr>\n",
       "    <tr>\n",
       "      <th>pickup_latitude</th>\n",
       "      <td>0.001742</td>\n",
       "      <td>-0.005125</td>\n",
       "      <td>0.022568</td>\n",
       "      <td>1.000000</td>\n",
       "      <td>0.114884</td>\n",
       "      <td>0.494038</td>\n",
       "      <td>-0.029204</td>\n",
       "      <td>0.010603</td>\n",
       "      <td>-0.002516</td>\n",
       "      <td>-0.028976</td>\n",
       "      <td>-0.001439</td>\n",
       "    </tr>\n",
       "    <tr>\n",
       "      <th>dropoff_longitude</th>\n",
       "      <td>0.001528</td>\n",
       "      <td>-0.000343</td>\n",
       "      <td>0.783582</td>\n",
       "      <td>0.114884</td>\n",
       "      <td>1.000000</td>\n",
       "      <td>0.124873</td>\n",
       "      <td>0.014678</td>\n",
       "      <td>-0.022455</td>\n",
       "      <td>0.004612</td>\n",
       "      <td>-0.001130</td>\n",
       "      <td>0.004758</td>\n",
       "    </tr>\n",
       "    <tr>\n",
       "      <th>dropoff_latitude</th>\n",
       "      <td>0.004496</td>\n",
       "      <td>-0.002762</td>\n",
       "      <td>0.100190</td>\n",
       "      <td>0.494038</td>\n",
       "      <td>0.124873</td>\n",
       "      <td>1.000000</td>\n",
       "      <td>-0.020677</td>\n",
       "      <td>0.013612</td>\n",
       "      <td>-0.001554</td>\n",
       "      <td>-0.021762</td>\n",
       "      <td>-0.000607</td>\n",
       "    </tr>\n",
       "    <tr>\n",
       "      <th>trip_duration</th>\n",
       "      <td>0.020304</td>\n",
       "      <td>0.008471</td>\n",
       "      <td>0.026542</td>\n",
       "      <td>-0.029204</td>\n",
       "      <td>0.014678</td>\n",
       "      <td>-0.020677</td>\n",
       "      <td>1.000000</td>\n",
       "      <td>0.003690</td>\n",
       "      <td>0.006625</td>\n",
       "      <td>-0.000708</td>\n",
       "      <td>0.006607</td>\n",
       "    </tr>\n",
       "    <tr>\n",
       "      <th>pu_hour</th>\n",
       "      <td>0.009299</td>\n",
       "      <td>0.009101</td>\n",
       "      <td>0.010150</td>\n",
       "      <td>0.010603</td>\n",
       "      <td>-0.022455</td>\n",
       "      <td>0.013612</td>\n",
       "      <td>0.003690</td>\n",
       "      <td>1.000000</td>\n",
       "      <td>-0.003340</td>\n",
       "      <td>-0.084255</td>\n",
       "      <td>-0.003438</td>\n",
       "    </tr>\n",
       "    <tr>\n",
       "      <th>yday</th>\n",
       "      <td>-0.006025</td>\n",
       "      <td>-0.001784</td>\n",
       "      <td>0.004263</td>\n",
       "      <td>-0.002516</td>\n",
       "      <td>0.004612</td>\n",
       "      <td>-0.001554</td>\n",
       "      <td>0.006625</td>\n",
       "      <td>-0.003340</td>\n",
       "      <td>1.000000</td>\n",
       "      <td>-0.013615</td>\n",
       "      <td>0.985657</td>\n",
       "    </tr>\n",
       "    <tr>\n",
       "      <th>wday</th>\n",
       "      <td>0.001311</td>\n",
       "      <td>0.025191</td>\n",
       "      <td>-0.016356</td>\n",
       "      <td>-0.028976</td>\n",
       "      <td>-0.001130</td>\n",
       "      <td>-0.021762</td>\n",
       "      <td>-0.000708</td>\n",
       "      <td>-0.084255</td>\n",
       "      <td>-0.013615</td>\n",
       "      <td>1.000000</td>\n",
       "      <td>-0.014544</td>\n",
       "    </tr>\n",
       "    <tr>\n",
       "      <th>month</th>\n",
       "      <td>-0.006221</td>\n",
       "      <td>-0.002143</td>\n",
       "      <td>0.004474</td>\n",
       "      <td>-0.001439</td>\n",
       "      <td>0.004758</td>\n",
       "      <td>-0.000607</td>\n",
       "      <td>0.006607</td>\n",
       "      <td>-0.003438</td>\n",
       "      <td>0.985657</td>\n",
       "      <td>-0.014544</td>\n",
       "      <td>1.000000</td>\n",
       "    </tr>\n",
       "  </tbody>\n",
       "</table>\n",
       "</div>"
      ],
      "text/plain": [
       "                   vendor_id  passenger_count  pickup_longitude  pickup_latitude  dropoff_longitude  dropoff_latitude  trip_duration   pu_hour      yday      wday     month\n",
       "vendor_id          1.000000   0.287415         0.007820          0.001742         0.001528           0.004496          0.020304       0.009299 -0.006025  0.001311 -0.006221\n",
       "passenger_count    0.287415   1.000000         0.002169         -0.005125        -0.000343          -0.002762          0.008471       0.009101 -0.001784  0.025191 -0.002143\n",
       "pickup_longitude   0.007820   0.002169         1.000000          0.022568         0.783582           0.100190          0.026542       0.010150  0.004263 -0.016356  0.004474\n",
       "pickup_latitude    0.001742  -0.005125         0.022568          1.000000         0.114884           0.494038         -0.029204       0.010603 -0.002516 -0.028976 -0.001439\n",
       "dropoff_longitude  0.001528  -0.000343         0.783582          0.114884         1.000000           0.124873          0.014678      -0.022455  0.004612 -0.001130  0.004758\n",
       "dropoff_latitude   0.004496  -0.002762         0.100190          0.494038         0.124873           1.000000         -0.020677       0.013612 -0.001554 -0.021762 -0.000607\n",
       "trip_duration      0.020304   0.008471         0.026542         -0.029204         0.014678          -0.020677          1.000000       0.003690  0.006625 -0.000708  0.006607\n",
       "pu_hour            0.009299   0.009101         0.010150          0.010603        -0.022455           0.013612          0.003690       1.000000 -0.003340 -0.084255 -0.003438\n",
       "yday              -0.006025  -0.001784         0.004263         -0.002516         0.004612          -0.001554          0.006625      -0.003340  1.000000 -0.013615  0.985657\n",
       "wday               0.001311   0.025191        -0.016356         -0.028976        -0.001130          -0.021762         -0.000708      -0.084255 -0.013615  1.000000 -0.014544\n",
       "month             -0.006221  -0.002143         0.004474         -0.001439         0.004758          -0.000607          0.006607      -0.003438  0.985657 -0.014544  1.000000"
      ]
     },
     "execution_count": 120,
     "metadata": {},
     "output_type": "execute_result"
    }
   ],
   "source": [
    "sns.set_style('white')\n",
    "sns.set_context(\"paper\",font_scale=2)\n",
    "corr = df.corr()\n",
    "corr"
   ]
  },
  {
   "cell_type": "markdown",
   "metadata": {},
   "source": [
    "자기 자신을 제외하고 다른 요소들과 얼마나 관련이 되어있는지를 파악하는 heatmap"
   ]
  },
  {
   "cell_type": "code",
   "execution_count": 121,
   "metadata": {},
   "outputs": [
    {
     "data": {
      "text/plain": [
       "<matplotlib.axes._subplots.AxesSubplot at 0x2cbaee710>"
      ]
     },
     "execution_count": 121,
     "metadata": {},
     "output_type": "execute_result"
    },
    {
     "data": {
